4 0.11868300153139358 0.7357142857142858 0.21286370597243492 0.4591836734693878
4 0.26990811638591117 0.7346938775510204 0.15696784073506892 0.44489795918367353
4 0.38093415007656967 0.7193877551020409 0.16768759571209801 0.4285714285714286
4 0.5122511485451762 0.689795918367347 0.15773353751914243 0.45510204081632655
4 0.6347626339969372 0.6826530612244899 0.15926493108728945 0.4795918367346939
4 0.7308575803981624 0.6984693877551021 0.17075038284839206 0.5418367346938776
4 0.8698315467075038 0.676530612244898 0.24961715160796324 0.48571428571428577
4 0.914624808575804 0.6153061224489796 0.16921898928024504 0.4387755102040817
4 0.715926493108729 0.44438775510204087 0.20520673813169985 0.3887755102040817
4 0.5650842266462481 0.45051020408163267 0.15007656967840735 0.313265306122449
4 0.4548238897396631 0.48061224489795923 0.16539050535987748 0.37142857142857144
4 0.31431852986217457 0.4811224489795919 0.16309341500765698 0.37244897959183676
