1 0.454834 0.245605 0.909668 0.491211
0 0.030762 0.392090 0.061523 0.077148
0 0.114502 0.418457 0.036621 0.045898
4 0.322266 0.410156 0.034180 0.056641
0 0.504150 0.458008 0.026855 0.029297
3 0.261963 0.438965 0.016113 0.092773
3 0.241455 0.437012 0.019043 0.096680
3 0.278076 0.446777 0.023926 0.114258
3 0.460449 0.460938 0.005859 0.017578
3 0.465820 0.461914 0.004883 0.015625
3 0.518799 0.446289 0.012207 0.056641
0 0.447998 0.459961 0.010254 0.015625
0 0.432617 0.454590 0.030273 0.030273
3 0.440430 0.447266 0.006836 0.044922
3 0.428467 0.442871 0.008301 0.047852
3 0.400635 0.443848 0.008301 0.043945
3 0.394531 0.440430 0.007812 0.048828
