1 0.525146 0.347656 0.090332 0.128906
1 0.261719 0.254395 0.523438 0.508789
1 0.811279 0.234375 0.376465 0.468750
0 0.651855 0.494629 0.223633 0.438477
3 0.989502 0.477051 0.020020 0.165039
0 0.346191 0.409180 0.032227 0.033203
3 0.016113 0.462402 0.032227 0.202148
0 0.446289 0.426270 0.011719 0.047852
0 0.423584 0.421875 0.040527 0.078125
0 0.407959 0.428711 0.043457 0.087891
0 0.323730 0.432617 0.049805 0.072266
0 0.372803 0.441406 0.067871 0.099609
1 0.875488 0.345215 0.034180 0.057617
1 0.802002 0.404297 0.047363 0.093750
3 0.800781 0.425781 0.017578 0.083984
3 0.816895 0.416992 0.015625 0.087891
3 0.827393 0.420898 0.013184 0.101562
2 0.271729 0.445801 0.016113 0.051758
2 0.002930 0.503906 0.005859 0.037109
3 0.819092 0.425781 0.017090 0.097656
3 0.838623 0.422852 0.020996 0.105469
3 0.901367 0.465332 0.030273 0.221680
3 0.912598 0.465332 0.037109 0.239258
3 0.948730 0.455566 0.016602 0.211914
3 0.955566 0.458984 0.022461 0.238281
3 0.963379 0.449707 0.047852 0.270508
