1 0.236816 0.233398 0.473633 0.466797
1 0.720215 0.266602 0.558594 0.533203
0 0.427490 0.358887 0.030762 0.043945
0 0.412842 0.361816 0.031738 0.040039
0 0.397705 0.359863 0.026855 0.045898
3 0.434570 0.353516 0.008789 0.054688
3 0.429199 0.358887 0.009766 0.059570
2 0.418945 0.365234 0.005859 0.035156
0 0.354248 0.353516 0.022949 0.027344
0 0.309082 0.344238 0.039062 0.079102
3 0.293701 0.363281 0.016113 0.050781
3 0.273438 0.355469 0.014648 0.035156
3 0.211670 0.384766 0.019043 0.097656
3 0.190918 0.386719 0.020508 0.078125
0 0.283691 0.406738 0.053711 0.100586
3 0.107178 0.384277 0.022949 0.135742
3 0.039307 0.426270 0.041504 0.219727
3 0.077881 0.413086 0.046387 0.259766
3 0.146484 0.499512 0.098633 0.450195
3 0.254395 0.504395 0.088867 0.416992
3 0.332275 0.478516 0.088379 0.404297
