1 0.477051 0.263672 0.391602 0.345703
0 0.637939 0.388672 0.026855 0.039062
1 0.829102 0.307617 0.340820 0.615234
0 0.619873 0.388672 0.020020 0.037109
0 0.421875 0.382812 0.050781 0.083984
0 0.389893 0.392578 0.043457 0.080078
1 0.152832 0.249023 0.305664 0.498047
0 0.348633 0.414551 0.081055 0.104492
0 0.456787 0.413574 0.069824 0.098633
0 0.267822 0.449219 0.108887 0.158203
0 0.133545 0.477539 0.176270 0.308594
0 0.050781 0.538086 0.101562 0.410156
0 0.591553 0.386230 0.023926 0.047852
0 0.563232 0.383301 0.045410 0.051758
0 0.704590 0.485352 0.137695 0.222656
0 0.819580 0.537598 0.223145 0.336914
0 0.918457 0.541504 0.162109 0.553711
