1 0.509521 0.311523 0.152832 0.273438
0 0.461914 0.437012 0.016602 0.016602
1 0.204590 0.262695 0.409180 0.525391
0 0.545898 0.441406 0.025391 0.041016
0 0.544678 0.445801 0.019043 0.041992
0 0.559326 0.451172 0.034668 0.058594
0 0.449951 0.437500 0.018066 0.023438
0 0.444580 0.436523 0.016113 0.025391
0 0.428955 0.442383 0.037598 0.050781
0 0.428955 0.448730 0.020020 0.053711
0 0.408447 0.442383 0.039551 0.076172
0 0.364746 0.435547 0.041016 0.068359
0 0.345459 0.450195 0.025879 0.052734
0 0.379639 0.458496 0.058105 0.083008
3 0.111816 0.459473 0.024414 0.124023
0 0.335938 0.432129 0.017578 0.022461
0 0.294189 0.464355 0.115723 0.133789
0 0.505371 0.478027 0.079102 0.124023
1 0.785645 0.260254 0.427734 0.520508
3 0.580322 0.436523 0.009277 0.052734
2 0.592529 0.457031 0.014160 0.039062
3 0.620361 0.440918 0.013184 0.094727
3 0.629150 0.446777 0.019043 0.090820
3 0.682129 0.453613 0.018555 0.124023
3 0.751953 0.469238 0.028320 0.208008
3 0.790527 0.476074 0.025391 0.229492
2 0.840088 0.486816 0.039551 0.083008
3 0.771484 0.479004 0.040039 0.258789
3 0.844482 0.477051 0.041504 0.202148
3 0.819824 0.471680 0.027344 0.222656
2 0.910156 0.469727 0.063477 0.083984
3 0.888916 0.464844 0.019043 0.162109
3 0.899170 0.464844 0.036621 0.173828
2 0.942627 0.495605 0.073730 0.063477
2 0.928467 0.495605 0.083496 0.120117
4 0.737305 0.519531 0.035156 0.101562
