1 0.499756 0.246582 0.999512 0.493164
1 0.911133 0.208496 0.176758 0.416992
3 0.665527 0.411133 0.006836 0.044922
0 0.722900 0.411133 0.087402 0.080078
0 0.713135 0.410156 0.033691 0.029297
0 0.717529 0.432617 0.057129 0.078125
0 0.733398 0.439453 0.046875 0.093750
0 0.765625 0.445312 0.083008 0.123047
0 0.793945 0.450195 0.059570 0.138672
0 0.794434 0.466797 0.058594 0.105469
0 0.856201 0.468750 0.165527 0.214844
0 0.889648 0.475586 0.109375 0.255859
0 0.916504 0.503906 0.150391 0.269531
0 0.975098 0.508789 0.048828 0.347656
0 0.614502 0.421875 0.040527 0.060547
3 0.585449 0.420898 0.005859 0.035156
3 0.589355 0.422852 0.007812 0.033203
3 0.574219 0.421875 0.006836 0.035156
3 0.541992 0.419434 0.008789 0.057617
3 0.530029 0.422363 0.008301 0.051758
3 0.503662 0.420410 0.011230 0.053711
0 0.480957 0.434082 0.041992 0.061523
0 0.439209 0.430176 0.069824 0.073242
0 0.446777 0.431152 0.072266 0.081055
4 0.492920 0.426270 0.019043 0.100586
2 0.490967 0.453125 0.019043 0.070312
0 0.428223 0.442871 0.068359 0.077148
2 0.436279 0.453125 0.052246 0.066406
0 0.381592 0.450195 0.073730 0.117188
0 0.330322 0.457520 0.100098 0.145508
0 0.264160 0.484863 0.142578 0.163086
3 0.077881 0.424805 0.027832 0.074219
3 0.105713 0.410156 0.022949 0.060547
0 0.137451 0.513184 0.199707 0.221680
0 0.033691 0.527832 0.067383 0.309570
