1 0.499756 0.271484 0.999512 0.542969
3 0.728760 0.459473 0.007324 0.036133
3 0.738281 0.465820 0.008789 0.029297
3 0.744629 0.466309 0.003906 0.024414
3 0.750732 0.466309 0.006348 0.024414
3 0.757080 0.463379 0.005371 0.026367
3 0.819336 0.489258 0.016602 0.140625
3 0.850098 0.483887 0.017578 0.124023
3 0.809082 0.500000 0.021484 0.207031
3 0.838379 0.495117 0.041016 0.210938
3 0.784180 0.520508 0.100586 0.349609
3 0.762451 0.539551 0.091309 0.370117
3 0.877686 0.537598 0.072754 0.377930
3 0.934570 0.509766 0.045898 0.195312
3 0.978760 0.500488 0.041504 0.231445
0 0.654297 0.500000 0.081055 0.115234
2 0.532227 0.512695 0.026367 0.087891
3 0.472168 0.476074 0.022461 0.122070
3 0.319336 0.479492 0.023438 0.154297
3 0.332031 0.482910 0.029297 0.153320
3 0.296631 0.473145 0.028809 0.174805
2 0.006836 0.478027 0.013672 0.051758
