1 0.499756 0.233887 0.999512 0.467773
3 0.482178 0.376953 0.002441 0.013672
3 0.892578 0.416992 0.012695 0.091797
0 0.506348 0.380371 0.009766 0.014648
3 0.545654 0.386719 0.001465 0.015625
3 0.548584 0.386230 0.001465 0.014648
5 0.473633 0.377930 0.013672 0.0390620 0.564941 0.397949 0.030273 0.024414
3 0.582764 0.394531 0.005371 0.027344
3 0.573730 0.394043 0.004883 0.030273
3 0.616211 0.404297 0.005859 0.052734
0 0.499268 0.393066 0.026855 0.022461
0 0.509033 0.400391 0.022949 0.025391
0 0.493164 0.421387 0.035156 0.079102
0 0.520508 0.442871 0.056641 0.094727
3 0.854248 0.464355 0.015137 0.051758
3 0.857666 0.403809 0.013184 0.069336
3 0.924561 0.428711 0.012207 0.091797
3 0.927979 0.426758 0.016113 0.128906
1 0.961914 0.393555 0.075195 0.261719
3 0.960693 0.448242 0.032715 0.205078
5 0.734863 0.388672 0.243164 0.3144535 0.452393 0.393555 0.044434 0.0859380 0.412109 0.407227 0.025391 0.037109
3 0.411133 0.415527 0.007812 0.026367
3 0.393066 0.389648 0.003906 0.015625
0 0.396973 0.411621 0.023438 0.040039
5 0.337646 0.401855 0.111816 0.1181643 0.205078 0.422363 0.006836 0.061523
3 0.210205 0.415039 0.005371 0.054688
3 0.197754 0.419434 0.012695 0.069336
3 0.188232 0.436523 0.012207 0.089844
3 0.210938 0.437500 0.015625 0.085938
4 0.220459 0.428223 0.010254 0.073242
2 0.220947 0.438477 0.009277 0.044922
3 0.237549 0.442383 0.010254 0.074219
3 0.244141 0.443848 0.013672 0.084961
0 0.313477 0.477539 0.111328 0.154297
0 0.104248 0.575195 0.208496 0.365234
3 0.242920 0.444336 0.011230 0.083984
