1 0.499756 0.264160 0.999512 0.528320
0 0.572021 0.427246 0.012207 0.024414
0 0.630371 0.420898 0.012695 0.025391
0 0.365234 0.438477 0.029297 0.041016
0 0.930420 0.410645 0.027832 0.030273
0 0.818115 0.436035 0.043457 0.036133
0 0.777344 0.419434 0.033203 0.026367
0 0.749268 0.422363 0.034668 0.030273
0 0.723145 0.430176 0.032227 0.040039
0 0.136475 0.478516 0.085449 0.089844
0 0.326416 0.449707 0.030762 0.043945
0 0.016602 0.496094 0.033203 0.119141
0 0.586182 0.435059 0.032715 0.049805
0 0.548828 0.428223 0.022461 0.032227
0 0.530762 0.432129 0.023438 0.040039
1 0.243652 0.327637 0.043945 0.051758
0 0.511230 0.435547 0.036133 0.060547
