1 0.499756 0.289551 0.999512 0.579102
0 0.720459 0.445801 0.007324 0.041992
0 0.646240 0.444824 0.015137 0.028320
0 0.631104 0.446289 0.021973 0.029297
0 0.565430 0.438477 0.033203 0.062500
0 0.558350 0.442383 0.024902 0.060547
0 0.701660 0.448730 0.037109 0.077148
3 0.661865 0.462891 0.024902 0.167969
3 0.699707 0.460938 0.038086 0.164062
2 0.606934 0.453125 0.004883 0.015625
3 0.682617 0.464355 0.031250 0.168945
3 0.597168 0.454102 0.044922 0.167969
3 0.477295 0.424316 0.010254 0.024414
3 0.471680 0.431641 0.010742 0.062500
3 0.456543 0.422363 0.011719 0.049805
3 0.444092 0.410156 0.011230 0.037109
3 0.398438 0.441406 0.016602 0.138672
3 0.425293 0.435059 0.021484 0.151367
3 0.194336 0.404297 0.036133 0.064453
3 0.257812 0.402832 0.014648 0.038086
3 0.725098 0.447266 0.006836 0.052734
3 0.310791 0.410645 0.017090 0.055664
3 0.187012 0.404297 0.021484 0.062500
3 0.488770 0.412598 0.008789 0.024414
3 0.500977 0.403320 0.004883 0.013672
3 0.522461 0.401367 0.012695 0.015625
0 0.622314 0.447266 0.021973 0.029297
0 0.557861 0.449707 0.017090 0.057617
0 0.541260 0.444824 0.034668 0.081055
0 0.538330 0.449707 0.026855 0.079102
0 0.512451 0.453613 0.061035 0.092773
3 0.630859 0.429688 0.004883 0.005859
2 0.767090 0.474121 0.045898 0.069336
3 0.769775 0.461426 0.040527 0.186523
3 0.067871 0.418945 0.021484 0.101562
