1 0.066895 0.352539 0.017578 0.048828
1 0.480469 0.405273 0.020508 0.039062
1 0.320557 0.271973 0.351074 0.346680
1 0.739746 0.250488 0.519531 0.500977
0 0.052246 0.375488 0.016602 0.020508
4 0.035156 0.384277 0.005859 0.036133
0 0.022949 0.358887 0.010742 0.016602
3 0.174805 0.384277 0.004883 0.020508
3 0.170654 0.388184 0.004395 0.028320
3 0.563721 0.430176 0.008301 0.077148
0 0.009277 0.483398 0.018555 0.158203
3 0.575195 0.431641 0.011719 0.072266
3 0.570068 0.430176 0.016113 0.077148
0 0.921875 0.488281 0.155273 0.291016
0 0.503174 0.440918 0.062012 0.096680
0 0.129639 0.413574 0.029785 0.047852
0 0.166748 0.423340 0.038574 0.053711
0 0.196045 0.453613 0.084473 0.129883
0 0.119385 0.435547 0.057129 0.095703
0 0.076660 0.461914 0.082031 0.113281
0 0.275146 0.427734 0.039551 0.050781
1 0.770264 0.279785 0.033691 0.112305
1 0.713867 0.254883 0.022461 0.066406
1 0.623535 0.266602 0.007812 0.033203
1 0.611084 0.220703 0.007324 0.039062
