1 0.297607 0.222656 0.595215 0.445312
1 0.795410 0.282227 0.408203 0.564453
3 0.755615 0.428711 0.020020 0.085938
0 0.131836 0.497559 0.263672 0.352539
0 0.509277 0.416016 0.026367 0.042969
3 0.578613 0.415527 0.007812 0.041992
3 0.822266 0.404297 0.023438 0.125000
0 0.555908 0.428711 0.028809 0.046875
3 0.833984 0.413574 0.027344 0.151367
0 0.557617 0.429688 0.025391 0.044922
3 0.804932 0.478516 0.047363 0.167969
0 0.614990 0.440918 0.078613 0.127930
3 0.848633 0.441895 0.042969 0.249023
0 0.612305 0.463379 0.043945 0.110352
2 0.751709 0.486328 0.036621 0.128906
3 0.737305 0.435059 0.048828 0.190430
0 0.664795 0.461426 0.103027 0.159180
0 0.348877 0.427734 0.101074 0.089844
3 0.981934 0.467285 0.035156 0.250977
3 0.447754 0.415527 0.009766 0.055664
2 0.494629 0.425781 0.010742 0.037109
3 0.494873 0.411133 0.011230 0.054688
