1 0.894775 0.242188 0.209473 0.484375
1 0.422119 0.256836 0.844238 0.513672
0 0.532471 0.454102 0.026855 0.037109
0 0.755127 0.446777 0.020996 0.041992
0 0.739502 0.451172 0.029785 0.041016
0 0.776611 0.451660 0.030762 0.047852
2 0.818604 0.443848 0.010254 0.040039
3 0.833496 0.436035 0.013672 0.061523
3 0.843750 0.446289 0.006836 0.031250
0 0.702148 0.447754 0.032227 0.040039
0 0.518311 0.456055 0.014160 0.039062
0 0.470459 0.456055 0.040527 0.046875
0 0.433838 0.458984 0.042480 0.052734
0 0.500977 0.458984 0.041016 0.050781
3 0.053711 0.493164 0.023438 0.125000
0 0.398193 0.462891 0.048340 0.052734
3 0.369873 0.444336 0.012207 0.041016
0 0.011963 0.527832 0.023926 0.168945
3 0.159180 0.486328 0.019531 0.101562
3 0.037842 0.495605 0.024902 0.135742
3 0.226807 0.478027 0.020996 0.084961
0 0.318604 0.480957 0.108887 0.131836
0 0.674316 0.446289 0.035156 0.050781
0 0.643066 0.455566 0.044922 0.061523
0 0.601318 0.452148 0.027832 0.025391
