1 0.666016 0.223633 0.666992 0.447266
1 0.172119 0.250977 0.344238 0.501953
0 0.408936 0.417480 0.053223 0.047852
0 0.411865 0.422363 0.034668 0.045898
3 0.351074 0.422852 0.007812 0.015625
0 0.375000 0.432617 0.083984 0.054688
0 0.330322 0.444824 0.009277 0.038086
0 0.294189 0.438477 0.073730 0.083984
0 0.280029 0.439453 0.061035 0.070312
0 0.242188 0.451660 0.047852 0.104492
0 0.180420 0.455566 0.106934 0.125977
0 0.108154 0.467773 0.141113 0.125000
0 0.486328 0.431152 0.018555 0.032227
0 0.501465 0.427734 0.022461 0.035156
0 0.514160 0.426270 0.016602 0.036133
0 0.532227 0.423828 0.029297 0.041016
2 0.089111 0.470703 0.020020 0.082031
2 0.120850 0.484375 0.053223 0.080078
0 0.548828 0.423340 0.034180 0.041992
0 0.035889 0.487793 0.071777 0.170898
0 0.573486 0.423828 0.053223 0.042969
0 0.019043 0.523926 0.038086 0.108398
1 0.671143 0.382324 0.078613 0.163086
3 0.675537 0.412598 0.018066 0.118164
3 0.685547 0.405762 0.014648 0.127930
1 0.760742 0.367188 0.112305 0.242188
3 0.730469 0.418945 0.031250 0.175781
3 0.465576 0.425781 0.009277 0.037109
0 0.201172 0.477539 0.053711 0.082031
1 0.801758 0.177734 0.013672 0.041016
1 0.823486 0.124512 0.011230 0.020508
1 0.846436 0.125488 0.018066 0.030273
1 0.839600 0.044434 0.022949 0.024414
1 0.822510 0.029785 0.010254 0.028320
