1 0.499756 0.276367 0.999512 0.552734
0 0.446533 0.434570 0.015137 0.044922
0 0.445068 0.434570 0.012207 0.044922
0 0.444336 0.435547 0.010742 0.046875
0 0.428711 0.432129 0.028320 0.057617
0 0.427734 0.438965 0.015625 0.053711
0 0.419922 0.440430 0.016602 0.056641
0 0.394531 0.431641 0.042969 0.087891
0 0.381836 0.441406 0.041992 0.078125
0 0.368896 0.447266 0.046387 0.080078
0 0.339111 0.457031 0.036621 0.101562
0 0.303467 0.458496 0.068848 0.125977
0 0.249268 0.468262 0.088379 0.155273
0 0.187256 0.480469 0.109863 0.195312
0 0.080811 0.479004 0.161621 0.321289
0 0.562988 0.432129 0.027344 0.047852
0 0.562012 0.432129 0.015625 0.047852
0 0.568604 0.431152 0.016113 0.045898
4 0.496094 0.420410 0.006836 0.020508
2 0.498047 0.435059 0.006836 0.028320
0 0.572021 0.438965 0.015137 0.049805
1 0.581543 0.175293 0.052734 0.083008
0 0.579834 0.438965 0.023926 0.057617
0 0.584473 0.441895 0.017578 0.055664
0 0.593994 0.442871 0.029785 0.065430
0 0.606689 0.449707 0.027832 0.081055
0 0.615967 0.454102 0.032715 0.095703
0 0.648193 0.455566 0.070801 0.125977
0 0.676025 0.470215 0.081543 0.125977
0 0.743164 0.496094 0.092773 0.222656
0 0.862549 0.518555 0.273926 0.410156
0 0.955566 0.624512 0.087891 0.372070
