1 0.239014 0.278809 0.478027 0.557617
1 0.756348 0.276367 0.486328 0.552734
3 0.212402 0.470703 0.020508 0.156250
3 0.142334 0.472168 0.031738 0.155273
3 0.160889 0.479492 0.021973 0.134766
0 0.444092 0.483398 0.017090 0.039062
0 0.433594 0.486816 0.021484 0.051758
0 0.416748 0.462402 0.030762 0.020508
0 0.529785 0.474609 0.013672 0.046875
0 0.405029 0.491699 0.066895 0.073242
0 0.489746 0.482910 0.029297 0.043945
3 0.471680 0.485352 0.017578 0.103516
3 0.456055 0.483398 0.019531 0.111328
0 0.540039 0.486328 0.025391 0.076172
0 0.544434 0.489746 0.030273 0.083008
0 0.576904 0.501953 0.082520 0.107422
