1 0.077393 0.311523 0.154785 0.238281
1 0.602783 0.245605 0.793457 0.491211
3 0.642090 0.448242 0.013672 0.039062
3 0.667725 0.447754 0.015137 0.047852
3 0.676758 0.442871 0.012695 0.034180
3 0.710693 0.463867 0.018066 0.068359
3 0.701416 0.459961 0.025879 0.078125
3 0.648438 0.443848 0.015625 0.118164
3 0.626221 0.451172 0.013184 0.054688
3 0.618896 0.448242 0.010254 0.048828
3 0.556396 0.439941 0.043457 0.116211
3 0.633301 0.442383 0.024414 0.121094
3 0.560791 0.449707 0.031738 0.118164
3 0.591553 0.412598 0.020996 0.057617
2 0.367920 0.458008 0.018066 0.029297
3 0.449951 0.449219 0.015137 0.091797
3 0.366943 0.431152 0.016113 0.100586
3 0.345703 0.388184 0.010742 0.028320
3 0.354004 0.436035 0.019531 0.133789
3 0.383301 0.442871 0.021484 0.133789
3 0.306396 0.427734 0.018066 0.099609
3 0.295410 0.430664 0.014648 0.093750
3 0.228760 0.422852 0.014160 0.078125
3 0.255615 0.416992 0.012207 0.068359
3 0.274902 0.468262 0.045898 0.227539
3 0.344971 0.469727 0.048340 0.228516
3 0.432617 0.466797 0.027344 0.195312
3 0.411133 0.465820 0.049805 0.214844
2 0.004639 0.447754 0.009277 0.040039
3 0.015137 0.400391 0.010742 0.037109
2 0.010498 0.438965 0.020020 0.049805
3 0.034668 0.425781 0.020508 0.083984
3 0.098389 0.419434 0.009277 0.081055
3 0.113770 0.415527 0.009766 0.055664
3 0.157227 0.393066 0.007812 0.014648
3 0.143799 0.391602 0.006348 0.015625
3 0.132080 0.397461 0.013184 0.029297
3 0.122803 0.416504 0.016113 0.071289
3 0.106934 0.420410 0.013672 0.084961
3 0.091309 0.444824 0.023438 0.137695
3 0.056396 0.437988 0.020996 0.155273
0 0.169434 0.465820 0.110352 0.154297
