1 0.496582 0.262695 0.993164 0.525391
3 0.741699 0.450684 0.007812 0.030273
3 0.617676 0.458008 0.011719 0.042969
3 0.454590 0.487793 0.016602 0.094727
3 0.497559 0.487793 0.015625 0.100586
3 0.517090 0.492188 0.023438 0.089844
3 0.639160 0.484375 0.029297 0.107422
3 0.632568 0.482910 0.018066 0.112305
3 0.681396 0.478027 0.020020 0.124023
0 0.854736 0.435547 0.008301 0.013672
0 0.861572 0.438477 0.010254 0.017578
0 0.870361 0.444336 0.017090 0.025391
3 0.851562 0.445312 0.005859 0.031250
3 0.902100 0.435059 0.003418 0.016602
3 0.908691 0.437012 0.002930 0.014648
5 0.963623 0.432617 0.045410 0.0703120 0.824707 0.475586 0.045898 0.074219
0 0.798828 0.486816 0.053711 0.071289
3 0.579346 0.528809 0.063965 0.305664
3 0.597168 0.527344 0.086914 0.326172
3 0.170654 0.507324 0.043457 0.368164
3 0.213867 0.525879 0.105469 0.375977
4 0.252930 0.570801 0.091797 0.262695
3 0.214111 0.537109 0.067871 0.425781
3 0.041260 0.483887 0.013184 0.094727
3 0.053711 0.478516 0.015625 0.107422
3 0.046631 0.481445 0.014160 0.111328
2 0.086914 0.519531 0.063477 0.056641
0 0.016602 0.517090 0.033203 0.114258
3 0.027344 0.518066 0.054688 0.493164
0 0.888916 0.437988 0.015137 0.020508
3 0.495850 0.487793 0.012207 0.100586
0 0.883057 0.437988 0.003418 0.018555
