1 0.499756 0.323730 0.999512 0.647461
3 0.179688 0.410645 0.009766 0.043945
3 0.187988 0.415039 0.008789 0.066406
3 0.194580 0.411133 0.018066 0.085938
3 0.200684 0.431641 0.006836 0.021484
3 0.222412 0.419922 0.009277 0.056641
3 0.209229 0.413086 0.013184 0.072266
3 0.264893 0.416992 0.015137 0.085938
3 0.411621 0.424316 0.009766 0.055664
2 0.275146 0.470703 0.029785 0.080078
3 0.411621 0.418945 0.009766 0.033203
3 0.435791 0.432617 0.013184 0.062500
3 0.162842 0.512207 0.068848 0.270508
3 0.115723 0.430664 0.020508 0.041016
3 0.099121 0.461426 0.064453 0.166992
3 0.033447 0.453125 0.055176 0.187500
0 0.396240 0.434082 0.080566 0.069336
3 0.160889 0.521973 0.073730 0.291992
0 0.311523 0.440430 0.046875 0.089844
0 0.337891 0.451172 0.079102 0.113281
3 0.448486 0.422852 0.009277 0.039062
3 0.470703 0.416016 0.011719 0.029297
0 0.466797 0.445312 0.055664 0.060547
0 0.535645 0.425781 0.104492 0.166016
0 0.677246 0.471191 0.052734 0.090820
0 0.646484 0.479492 0.077148 0.097656
0 0.622803 0.474121 0.067871 0.120117
2 0.718750 0.487305 0.017578 0.056641
1 0.875732 0.327148 0.247559 0.654297
2 0.687256 0.492676 0.020020 0.084961
3 0.873047 0.472656 0.032227 0.269531
3 0.846924 0.475586 0.044434 0.271484
3 0.889160 0.487793 0.044922 0.266602
3 0.916016 0.485840 0.065430 0.276367
