1 0.239258 0.463867 0.040039 0.031250
1 0.499756 0.261719 0.999512 0.523438
1 0.297852 0.165039 0.129883 0.312500
3 0.178467 0.465332 0.004395 0.012695
3 0.184326 0.465332 0.004395 0.016602
0 0.187988 0.477051 0.015625 0.024414
0 0.194580 0.485352 0.020020 0.027344
3 0.224854 0.469238 0.004395 0.024414
3 0.244873 0.473145 0.002441 0.016602
5 0.276123 0.465332 0.057129 0.0556643 0.324707 0.472168 0.006836 0.032227
3 0.328613 0.470703 0.004883 0.033203
3 0.359375 0.468262 0.007812 0.036133
3 0.373291 0.469238 0.006348 0.034180
0 0.399902 0.468262 0.041992 0.047852
0 0.714355 0.462402 0.087891 0.129883
0 0.568604 0.455078 0.049316 0.072266
0 0.632324 0.474121 0.115234 0.161133
0 0.871826 0.493652 0.211426 0.243164
0 0.437988 0.454102 0.039062 0.093750
0 0.494873 0.489258 0.132324 0.236328
0 0.169189 0.483398 0.017090 0.023438
2 0.140137 0.500977 0.015625 0.023438
2 0.155518 0.497070 0.018066 0.037109
2 0.161621 0.500977 0.014648 0.027344
3 0.110840 0.485840 0.005859 0.026367
3 0.120605 0.488281 0.009766 0.041016
3 0.115723 0.497559 0.009766 0.045898
3 0.082764 0.486816 0.011230 0.034180
3 0.079834 0.491211 0.007324 0.023438
3 0.087891 0.484863 0.007812 0.024414
3 0.096924 0.497070 0.011230 0.048828
0 0.025146 0.498047 0.050293 0.095703
