1 0.723633 0.296875 0.551758 0.593750
1 0.208252 0.375977 0.416504 0.751953
3 0.500977 0.416992 0.004883 0.007812
3 0.502930 0.418457 0.009766 0.010742
3 0.489014 0.429199 0.010254 0.047852
0 0.437012 0.437500 0.025391 0.033203
3 0.489014 0.429688 0.010254 0.048828
3 0.505859 0.418457 0.004883 0.012695
0 0.499023 0.440430 0.023438 0.041016
0 0.456055 0.438477 0.033203 0.035156
0 0.517334 0.442383 0.036621 0.042969
2 0.414795 0.442383 0.012207 0.046875
0 0.547119 0.443848 0.037598 0.049805
0 0.572510 0.444336 0.022949 0.062500
2 0.422363 0.469238 0.013672 0.067383
0 0.590088 0.444336 0.044434 0.068359
0 0.604980 0.456055 0.030273 0.082031
0 0.624023 0.457031 0.039062 0.105469
0 0.629150 0.467285 0.027832 0.106445
0 0.670166 0.457520 0.087402 0.163086
0 0.704834 0.496094 0.101074 0.212891
0 0.777588 0.538574 0.155762 0.313477
0 0.895752 0.592773 0.207520 0.646484
