1 0.827148 0.229980 0.344727 0.459961
1 0.442627 0.275879 0.380371 0.391602
0 0.659180 0.397461 0.010742 0.023438
0 0.666992 0.431641 0.021484 0.048828
0 0.700195 0.428711 0.074219 0.082031
0 0.710449 0.433594 0.046875 0.056641
0 0.724609 0.440430 0.035156 0.070312
0 0.723877 0.437988 0.028809 0.061523
0 0.784912 0.433105 0.112793 0.125977
0 0.804199 0.443848 0.074219 0.088867
0 0.852051 0.458984 0.077148 0.125000
0 0.919189 0.459961 0.160645 0.148438
0 0.560547 0.405762 0.013672 0.022461
5 0.572510 0.412598 0.022949 0.1025390 0.552002 0.407227 0.013184 0.023438
0 0.543213 0.407715 0.018066 0.024414
0 0.523682 0.413086 0.020020 0.027344
0 0.515137 0.416992 0.019531 0.027344
2 0.493164 0.416016 0.004883 0.019531
3 0.491699 0.412598 0.006836 0.030273
3 0.455322 0.424316 0.008301 0.040039
3 0.447021 0.418457 0.008301 0.036133
3 0.439453 0.423340 0.008789 0.028320
3 0.432129 0.425293 0.008789 0.040039
2 0.445557 0.436035 0.023926 0.034180
0 0.351807 0.426270 0.022949 0.026367
3 0.330811 0.427734 0.014160 0.064453
1 0.149414 0.250977 0.298828 0.501953
1 0.149414 0.250977 0.298828 0.501953
1 0.271240 0.416992 0.073730 0.160156
0 0.152832 0.474121 0.138672 0.157227
2 0.009521 0.546387 0.019043 0.129883
5 0.607178 0.406738 0.075684 0.143555