1 0.499756 0.324707 0.999512 0.649414
3 0.477783 0.467285 0.011230 0.061523
0 0.447998 0.466797 0.073730 0.072266
3 0.514893 0.465820 0.011230 0.070312
3 0.505615 0.463867 0.013184 0.078125
3 0.496826 0.461426 0.015137 0.094727
3 0.551025 0.471191 0.009277 0.061523
3 0.559814 0.471680 0.014160 0.062500
3 0.573486 0.451660 0.020020 0.104492
3 0.534912 0.469238 0.013184 0.067383
3 0.536865 0.470215 0.011230 0.065430
3 0.523682 0.463867 0.019043 0.078125
3 0.461914 0.462402 0.020508 0.092773
3 0.607910 0.451660 0.017578 0.120117
3 0.622559 0.472168 0.038086 0.165039
3 0.647705 0.443848 0.019043 0.125977
3 0.668945 0.470215 0.030273 0.168945
3 0.699707 0.489258 0.027344 0.042969
3 0.701904 0.461426 0.031738 0.180664
3 0.783447 0.492676 0.076660 0.399414
3 0.851562 0.492188 0.068359 0.375000
3 0.288330 0.462402 0.009277 0.049805
3 0.300781 0.465820 0.007812 0.046875
3 0.306152 0.472168 0.004883 0.038086
3 0.312988 0.452637 0.021484 0.125977
3 0.329834 0.446777 0.012207 0.100586
3 0.340332 0.442383 0.020508 0.113281
3 0.351562 0.464844 0.012695 0.056641
3 0.360596 0.462402 0.010254 0.073242
4 0.413330 0.439453 0.023926 0.126953
2 0.413574 0.485352 0.018555 0.083984
4 0.384033 0.448730 0.037598 0.192383
2 0.383301 0.499512 0.036133 0.127930
