1 0.727539 0.312012 0.368164 0.352539
1 0.231689 0.250488 0.463379 0.500977
0 0.258545 0.479492 0.039551 0.035156
0 0.238281 0.479980 0.042969 0.040039
0 0.227295 0.477051 0.040527 0.036133
0 0.209961 0.473145 0.053711 0.034180
0 0.187500 0.479980 0.078125 0.049805
0 0.094482 0.538574 0.188965 0.379883
3 0.325195 0.481934 0.008789 0.049805
3 0.315674 0.481934 0.011230 0.049805
3 0.266113 0.476074 0.010742 0.055664
4 0.232910 0.462402 0.018555 0.112305
2 0.228027 0.484375 0.024414 0.072266
0 0.587646 0.481445 0.018066 0.039062
0 0.395264 0.477051 0.059082 0.086914
0 0.482178 0.440918 0.074707 0.157227
4 0.706299 0.457520 0.016113 0.053711
0 0.574219 0.479980 0.029297 0.038086
0 0.645264 0.479492 0.015137 0.027344
0 0.655762 0.483398 0.021484 0.029297
0 0.671387 0.480957 0.025391 0.034180
0 0.634521 0.479492 0.033691 0.046875
0 0.611816 0.472168 0.042969 0.063477
0 0.691406 0.476074 0.024414 0.028320
0 0.766602 0.505371 0.153320 0.182617
