1 0.481689 0.257324 0.110840 0.387695
1 0.228516 0.260742 0.457031 0.521484
1 0.812744 0.263184 0.373535 0.526367
0 0.664062 0.425781 0.014648 0.011719
0 0.658447 0.428223 0.016113 0.016602
0 0.647949 0.429199 0.009766 0.016602
0 0.671631 0.437012 0.012207 0.043945
0 0.674072 0.441895 0.010254 0.036133
0 0.686768 0.431641 0.030762 0.070312
0 0.697021 0.443359 0.044434 0.068359
3 0.796875 0.426758 0.024414 0.105469
2 0.801758 0.499512 0.095703 0.112305
0 0.918213 0.523438 0.162598 0.390625
0 0.558350 0.441406 0.009277 0.029297
0 0.552002 0.439453 0.022949 0.031250
0 0.539795 0.440918 0.017090 0.038086
0 0.535400 0.443848 0.020020 0.036133
0 0.522461 0.444824 0.023438 0.038086
0 0.510498 0.444824 0.025879 0.040039
0 0.494873 0.448242 0.029785 0.048828
0 0.475342 0.450684 0.035645 0.053711
2 0.466064 0.466309 0.010254 0.026367
0 0.440918 0.454102 0.050781 0.066406
3 0.415771 0.445312 0.015137 0.064453
0 0.240479 0.486816 0.102051 0.125977
0 0.326172 0.499512 0.140625 0.168945
0 0.299072 0.533691 0.033691 0.014648
2 0.070557 0.512695 0.036621 0.158203
5 0.638916 0.416504 0.018066 0.0888675 0.601318 0.409180 0.084473 0.1738280 0.039307 0.513672 0.078613 0.193359
