1 0.652100 0.375488 0.052246 0.092773
1 0.832520 0.293945 0.333984 0.587891
1 0.316650 0.279785 0.633301 0.559570
3 0.033936 0.439453 0.016113 0.068359
3 0.052979 0.435059 0.033691 0.159180
0 0.578857 0.441895 0.010254 0.034180
0 0.566162 0.441895 0.023926 0.043945
3 0.489258 0.432617 0.009766 0.033203
0 0.545654 0.446777 0.028809 0.043945
0 0.526855 0.449707 0.039062 0.045898
3 0.432373 0.412109 0.014160 0.019531
3 0.531250 0.420898 0.004883 0.013672
3 0.727051 0.443359 0.020508 0.091797
3 0.513428 0.432129 0.006348 0.030273
3 0.500488 0.433594 0.009766 0.039062
0 0.626709 0.436035 0.018066 0.032227
0 0.459473 0.456055 0.050781 0.085938
0 0.445068 0.462402 0.055176 0.083008
0 0.407471 0.472168 0.054199 0.120117
0 0.380127 0.479004 0.062012 0.145508
0 0.297363 0.474609 0.158203 0.238281
0 0.157471 0.518066 0.246582 0.305664
0 0.660400 0.456543 0.055176 0.114258
0 0.048584 0.658691 0.097168 0.291992
0 0.685059 0.465820 0.083984 0.136719
0 0.867676 0.485352 0.263672 0.400391
0 0.637939 0.410156 0.013184 0.019531
3 0.617188 0.456543 0.020508 0.108398
