1 0.611084 0.390137 0.187012 0.147461
1 0.365723 0.233887 0.731445 0.467773
5 0.430664 0.416504 0.039062 0.0400393 0.499512 0.407715 0.005859 0.026367
1 0.845947 0.264160 0.307129 0.528320
0 0.422607 0.426270 0.009277 0.018555
0 0.402100 0.429199 0.009277 0.014648
0 0.399170 0.431152 0.011230 0.012695
3 0.428955 0.422363 0.007324 0.030273
3 0.440674 0.418945 0.004395 0.033203
1 0.458008 0.410645 0.024414 0.055664
3 0.434570 0.419922 0.006836 0.035156
3 0.445312 0.416504 0.004883 0.040039
0 0.372070 0.426758 0.026367 0.042969
3 0.346924 0.426270 0.004395 0.020508
3 0.297119 0.420410 0.004395 0.022461
3 0.495117 0.410645 0.005859 0.028320
3 0.504883 0.412109 0.005859 0.031250
3 0.507812 0.409668 0.003906 0.030273
3 0.511719 0.412598 0.004883 0.034180
3 0.522461 0.415039 0.007812 0.041016
3 0.520264 0.416016 0.005371 0.044922
3 0.577637 0.407227 0.011719 0.070312
3 0.585693 0.416504 0.018066 0.086914
3 0.599854 0.410645 0.017090 0.092773
4 0.616943 0.400879 0.016113 0.055664
3 0.630859 0.431641 0.027344 0.156250
3 0.633301 0.439941 0.018555 0.149414
3 0.632324 0.434082 0.024414 0.172852
3 0.687988 0.435547 0.016602 0.156250
3 0.677002 0.435059 0.016113 0.157227
3 0.663818 0.432617 0.024902 0.152344
3 0.563965 0.414062 0.007812 0.056641
3 0.652832 0.436523 0.024414 0.179688
3 0.710205 0.429688 0.023926 0.150391
3 0.754883 0.429688 0.029297 0.185547
3 0.727783 0.428711 0.037598 0.191406
3 0.779297 0.433594 0.027344 0.173828
2 0.837646 0.545898 0.097168 0.265625
0 0.474854 0.443848 0.060059 0.086914
3 0.257812 0.429199 0.008789 0.047852
3 0.232422 0.433594 0.008789 0.058594
3 0.014404 0.462891 0.015137 0.072266
3 0.168213 0.433594 0.014160 0.058594
3 0.143311 0.430664 0.012207 0.044922
3 0.145020 0.449219 0.021484 0.097656
3 0.082031 0.445801 0.013672 0.077148
3 0.214600 0.441406 0.014160 0.095703
3 0.161621 0.449707 0.017578 0.100586
3 0.553711 0.422363 0.011719 0.083008
3 0.559082 0.416504 0.015625 0.094727
3 0.201660 0.447266 0.014648 0.099609
3 0.199219 0.447754 0.014648 0.104492
