1 0.354004 0.340332 0.123047 0.258789
1 0.711914 0.241699 0.575195 0.483398
0 0.345215 0.446777 0.036133 0.055664
1 0.762939 0.401855 0.066895 0.055664
0 0.059570 0.542480 0.119141 0.360352
0 0.295898 0.467285 0.059570 0.139648
0 0.264648 0.490723 0.097656 0.139648
0 0.386475 0.453613 0.023926 0.043945
0 0.398682 0.453613 0.020020 0.047852
0 0.415771 0.452637 0.032715 0.055664
0 0.893555 0.595215 0.211914 0.510742
0 0.435547 0.454590 0.042969 0.053711
0 0.478027 0.458008 0.046875 0.064453
0 0.512939 0.454102 0.059082 0.076172
1 0.051270 0.264160 0.098633 0.106445
1 0.680664 0.418457 0.021484 0.049805
