1 0.495361 0.308594 0.990723 0.617188
0 0.584473 0.422852 0.028320 0.027344
0 0.684570 0.385254 0.011719 0.022461
0 0.694092 0.391113 0.012207 0.024414
0 0.651123 0.389160 0.014160 0.026367
0 0.670410 0.405273 0.015625 0.027344
0 0.715332 0.409180 0.016602 0.029297
0 0.723633 0.414551 0.017578 0.028320
0 0.733643 0.420410 0.020020 0.032227
0 0.746338 0.426270 0.020996 0.036133
3 0.573730 0.435547 0.009766 0.064453
0 0.676025 0.411621 0.018066 0.032227
0 0.684570 0.418945 0.020508 0.033203
0 0.694336 0.443848 0.031250 0.040039
0 0.779053 0.459961 0.058105 0.087891
1 0.901855 0.234863 0.139648 0.469727
0 0.821533 0.432617 0.084473 0.173828
1 0.978027 0.262695 0.042969 0.525391
