1 0.691406 0.243652 0.202148 0.444336
1 0.211182 0.258301 0.422363 0.516602
3 0.420410 0.495117 0.021484 0.111328
3 0.910645 0.474609 0.021484 0.070312
3 0.951172 0.479004 0.010742 0.063477
3 0.478027 0.483398 0.010742 0.037109
3 0.946289 0.480957 0.012695 0.051758
3 0.005127 0.481934 0.010254 0.077148
3 0.969971 0.483887 0.020020 0.063477
3 0.988525 0.490234 0.021973 0.060547
3 0.464111 0.490234 0.015137 0.076172
3 0.167969 0.483887 0.018555 0.059570
0 0.622314 0.497559 0.289551 0.418945
3 0.242676 0.476074 0.009766 0.022461
3 0.079590 0.473145 0.008789 0.016602
