1 0.044922 0.289062 0.089844 0.343750
1 0.630371 0.338867 0.738281 0.363281
0 0.098633 0.419922 0.064453 0.056641
0 0.053955 0.430176 0.081543 0.061523
0 0.042480 0.431641 0.071289 0.050781
0 0.029297 0.438965 0.058594 0.051758
0 0.015625 0.436035 0.031250 0.065430
4 0.668945 0.449707 0.032227 0.118164
3 0.748779 0.433594 0.009277 0.029297
0 0.322021 0.424316 0.022949 0.022461
0 0.362549 0.424805 0.015137 0.017578
0 0.348633 0.421387 0.013672 0.016602
0 0.370850 0.430664 0.018066 0.025391
0 0.380615 0.431641 0.019043 0.025391
0 0.391602 0.437500 0.044922 0.037109
0 0.353271 0.432617 0.016113 0.025391
0 0.474854 0.437012 0.036621 0.055664
0 0.515381 0.438477 0.025879 0.048828
3 0.531250 0.431641 0.006836 0.037109
3 0.538086 0.429199 0.006836 0.038086
0 0.526123 0.442383 0.028809 0.048828
2 0.615967 0.449219 0.032715 0.050781
