1 0.499756 0.433105 0.999512 0.866211
3 0.697754 0.439941 0.023438 0.125977
0 0.485840 0.434082 0.019531 0.014648
3 0.671875 0.446289 0.018555 0.123047
3 0.697998 0.440430 0.023926 0.128906
3 0.619385 0.439453 0.012207 0.070312
3 0.481201 0.438477 0.005371 0.029297
0 0.127441 0.466797 0.051758 0.037109
0 0.105469 0.469238 0.020508 0.036133
3 0.081787 0.462891 0.019043 0.078125
3 0.497070 0.440430 0.006836 0.025391
0 0.310303 0.454102 0.022949 0.037109
3 0.188721 0.458008 0.008301 0.042969
0 0.553223 0.441406 0.042969 0.054688
0 0.842529 0.480469 0.220215 0.271484
0 0.433105 0.437988 0.018555 0.024414
0 0.502686 0.441406 0.014160 0.041016
0 0.513184 0.442383 0.026367 0.042969
0 0.428955 0.446777 0.023926 0.034180
0 0.404541 0.447266 0.037598 0.054688
0 0.457031 0.452148 0.040039 0.064453
0 0.526123 0.449219 0.037598 0.054688
4 0.385010 0.441895 0.017090 0.065430
0 0.348145 0.457031 0.070312 0.107422
0 0.224365 0.450195 0.051270 0.080078
3 0.178223 0.460449 0.008789 0.045898
3 0.260254 0.453125 0.005859 0.042969
3 0.267822 0.452637 0.008301 0.041992
