1 0.499756 0.243652 0.999512 0.487305
3 0.143066 0.421387 0.014648 0.094727
2 0.937988 0.447266 0.078125 0.101562
0 0.378662 0.399414 0.016113 0.017578
3 0.157471 0.419434 0.021973 0.096680
3 0.361816 0.399414 0.004883 0.027344
3 0.383057 0.402344 0.006348 0.027344
3 0.388428 0.404297 0.004395 0.023438
3 0.392822 0.405273 0.003418 0.025391
3 0.414307 0.403320 0.006348 0.021484
3 0.418213 0.401367 0.005371 0.015625
0 0.418701 0.413086 0.012207 0.023438
0 0.428955 0.412109 0.020020 0.029297
0 0.436768 0.411621 0.011230 0.030273
0 0.442871 0.412598 0.016602 0.032227
0 0.452148 0.412598 0.020508 0.034180
3 0.470947 0.408691 0.005371 0.030273
3 0.518311 0.378418 0.013184 0.038086
3 0.584229 0.399902 0.013184 0.038086
3 0.597412 0.404297 0.015137 0.074219
3 0.618896 0.395508 0.015137 0.046875
3 0.930664 0.402344 0.028320 0.125000
2 0.875244 0.612793 0.127441 0.319336
0 0.321533 0.415527 0.015137 0.030273
0 0.313965 0.422852 0.016602 0.050781
3 0.281982 0.399414 0.005371 0.017578
3 0.271973 0.403320 0.007812 0.021484
3 0.225830 0.396973 0.008301 0.024414
3 0.215332 0.397949 0.008789 0.020508
3 0.202393 0.398438 0.012207 0.029297
0 0.274658 0.433105 0.032715 0.067383
0 0.250000 0.429199 0.050781 0.090820
0 0.209473 0.438477 0.079102 0.095703
2 0.192627 0.458984 0.015137 0.062500
3 0.259277 0.436523 0.020508 0.152344
3 0.241455 0.441895 0.049316 0.155273
3 0.295898 0.443848 0.040039 0.166992
3 0.308594 0.443359 0.047852 0.173828
0 0.532715 0.508789 0.159180 0.246094
