1 0.190430 0.259766 0.380859 0.519531
1 0.552979 0.367676 0.142090 0.135742
1 0.685059 0.076172 0.150391 0.152344
1 0.875977 0.275391 0.247070 0.550781
0 0.416504 0.431641 0.040039 0.068359
0 0.390869 0.438477 0.055176 0.101562
0 0.356934 0.449219 0.057617 0.123047
0 0.287109 0.462402 0.120117 0.192383
0 0.531738 0.427734 0.017578 0.029297
0 0.557617 0.436523 0.055664 0.087891
0 0.643799 0.423828 0.040527 0.082031
0 0.659668 0.430176 0.052734 0.084961
0 0.713135 0.455078 0.084473 0.134766
0 0.769287 0.481934 0.116699 0.170898
0 0.287109 0.462402 0.120117 0.192383
3 0.592773 0.423340 0.009766 0.034180
0 0.287109 0.462402 0.120117 0.192383
0 0.116943 0.545898 0.233887 0.392578
0 0.116943 0.545898 0.233887 0.392578
3 0.591797 0.423340 0.007812 0.034180
