1 0.499756 0.309570 0.999512 0.619141
3 0.850342 0.545410 0.011230 0.049805
0 0.888916 0.451660 0.221191 0.256836
3 0.767822 0.495117 0.021973 0.156250
3 0.780273 0.483398 0.033203 0.181641
0 0.888916 0.451660 0.221191 0.256836
0 0.637451 0.499023 0.306152 0.207031
3 0.131592 0.494141 0.029785 0.246094
2 0.165039 0.600098 0.029297 0.028320
0 0.128418 0.518066 0.256836 0.223633
3 0.685059 0.477539 0.060547 0.275391
3 0.342773 0.486816 0.039062 0.233398
3 0.318848 0.495605 0.034180 0.223633
3 0.520996 0.476562 0.042969 0.267578
3 0.456543 0.479004 0.045898 0.252930
3 0.497803 0.466797 0.056152 0.300781
3 0.398438 0.478516 0.048828 0.255859
3 0.404053 0.479004 0.041504 0.260742
3 0.603271 0.476074 0.056152 0.295898
0 0.993408 0.711426 0.012207 0.192383
