1 0.285645 0.260742 0.571289 0.521484
1 0.613525 0.392578 0.016113 0.046875
1 0.787598 0.340820 0.423828 0.681641
0 0.644043 0.450684 0.036133 0.094727
2 0.057373 0.510742 0.065918 0.136719
0 0.293213 0.450195 0.058105 0.058594
1 0.931396 0.225586 0.136230 0.451172
0 0.657715 0.455566 0.043945 0.106445
0 0.239258 0.470215 0.081055 0.125977
0 0.163086 0.484375 0.115234 0.142578
0 0.471924 0.437500 0.022949 0.037109
0 0.695068 0.461426 0.091309 0.133789
5 0.423828 0.404785 0.079102 0.1650395 0.551270 0.404297 0.097656 0.1972660 0.825195 0.485840 0.183594 0.252930
0 0.922363 0.556641 0.154297 0.394531
1 0.822754 0.181152 0.024414 0.063477
1 0.780273 0.172852 0.027344 0.031250
