1 0.499756 0.214355 0.999512 0.428711
0 0.604004 0.349121 0.007812 0.016602
0 0.526855 0.355957 0.012695 0.022461
0 0.717285 0.345703 0.008789 0.015625
0 0.538086 0.355957 0.004883 0.010742
0 0.710693 0.353027 0.012207 0.022461
0 0.697266 0.358398 0.015625 0.027344
0 0.679688 0.356934 0.016602 0.022461
0 0.664795 0.359375 0.012207 0.027344
0 0.639404 0.364746 0.009277 0.032227
0 0.652832 0.364746 0.027344 0.041992
0 0.595703 0.348145 0.007812 0.010742
0 0.616211 0.344727 0.008789 0.017578
0 0.478027 0.357422 0.010742 0.021484
0 0.186035 0.376465 0.045898 0.041992
0 0.466309 0.358887 0.022461 0.026367
2 0.750732 0.497070 0.026855 0.132812
0 0.618896 0.365234 0.025879 0.039062
3 0.811279 0.342773 0.007324 0.058594
0 0.573730 0.367188 0.056641 0.064453
3 0.943604 0.347168 0.020996 0.094727
3 0.918701 0.354004 0.024902 0.112305
0 0.768555 0.337402 0.013672 0.012695
1 0.742188 0.342285 0.020508 0.067383
0 0.426270 0.374023 0.074219 0.058594
0 0.399414 0.380371 0.085938 0.069336
2 0.918213 0.458496 0.082520 0.178711
4 0.757812 0.417969 0.053711 0.250000
2 0.936035 0.477539 0.126953 0.185547
3 0.486084 0.365234 0.008301 0.062500
0 0.293457 0.487305 0.242188 0.306641
2 0.954590 0.485840 0.089844 0.186523
0 0.125244 0.643066 0.250488 0.711914
3 0.484375 0.364746 0.007812 0.065430
