0 0.345703 0.464844 0.096680 0.109375
0 0.109619 0.454590 0.077637 0.071289
0 0.109619 0.454590 0.077637 0.071289
1 0.428467 0.239746 0.856934 0.479492
1 0.911621 0.344238 0.175781 0.307617
0 0.978760 0.495117 0.041504 0.037109
0 0.774414 0.461426 0.072266 0.051758
0 0.760010 0.473633 0.075684 0.056641
0 0.927490 0.479004 0.036621 0.018555
0 0.934570 0.487793 0.041016 0.026367
0 0.875244 0.468262 0.069824 0.057617
0 0.109619 0.454590 0.077637 0.071289
2 0.394287 0.457031 0.020020 0.042969
3 0.439453 0.460938 0.012695 0.050781
3 0.447998 0.459961 0.016113 0.052734
0 0.345703 0.464844 0.096680 0.109375
4 0.907715 0.480469 0.027344 0.109375
2 0.907227 0.495605 0.018555 0.077148
