1 0.102539 0.395508 0.205078 0.144531
1 0.665771 0.249023 0.667480 0.498047
3 0.806641 0.424316 0.010742 0.028320
3 0.870605 0.429199 0.017578 0.063477
3 0.895020 0.426270 0.043945 0.051758
3 0.493652 0.445312 0.017578 0.066406
5 0.233398 0.436035 0.069336 0.0576173 0.370605 0.449707 0.004883 0.024414
3 0.466309 0.447754 0.030273 0.102539
3 0.466309 0.447754 0.030273 0.102539
3 0.473633 0.446289 0.021484 0.109375
2 0.403809 0.490234 0.116211 0.169922
4 0.395020 0.434082 0.056641 0.250977
3 0.355225 0.506836 0.125488 0.566406
3 0.501465 0.447754 0.010742 0.063477
2 0.236084 0.482910 0.094238 0.153320
3 0.316650 0.541016 0.153809 0.582031
4 0.235352 0.439453 0.062500 0.232422
3 0.860352 0.431152 0.017578 0.061523
3 0.891846 0.426270 0.014160 0.051758
3 0.881104 0.424805 0.016113 0.046875
