1 0.720215 0.274902 0.558594 0.549805
3 0.824463 0.382812 0.020996 0.097656
3 0.785889 0.393555 0.012207 0.074219
3 0.771973 0.384277 0.015625 0.071289
3 0.802734 0.396973 0.023438 0.124023
1 0.224854 0.283203 0.449707 0.566406
0 0.069336 0.562012 0.138672 0.430664
2 0.169678 0.195312 0.020996 0.011719
2 0.329590 0.449219 0.028320 0.097656
0 0.290527 0.461426 0.096680 0.143555
0 0.242432 0.459473 0.145020 0.221680
0 0.466064 0.382324 0.024902 0.024414
0 0.496582 0.398438 0.043945 0.080078
0 0.489990 0.418457 0.032715 0.059570
0 0.476318 0.422852 0.044434 0.066406
3 0.428223 0.400391 0.003906 0.046875
3 0.425537 0.393555 0.005371 0.048828
0 0.446289 0.427734 0.051758 0.078125
3 0.595703 0.391113 0.009766 0.043945
3 0.582275 0.384766 0.005371 0.037109
3 0.643799 0.392090 0.006348 0.026367
3 0.605469 0.389160 0.005859 0.047852
0 0.573975 0.418945 0.037598 0.060547
1 0.671387 0.379395 0.041016 0.098633
3 0.652344 0.403320 0.009766 0.072266
0 0.695557 0.435059 0.076660 0.125977
0 0.764160 0.459961 0.128906 0.177734
0 0.836182 0.493652 0.188965 0.256836
0 0.940430 0.496582 0.118164 0.383789
