1 0.499756 0.257812 0.999512 0.515625
0 0.555664 0.425781 0.016602 0.039062
0 0.562012 0.426270 0.020508 0.038086
0 0.572510 0.419434 0.029785 0.022461
0 0.456787 0.418945 0.016113 0.029297
2 0.457764 0.424316 0.014160 0.024414
0 0.443359 0.424316 0.020508 0.040039
0 0.441650 0.425781 0.019043 0.042969
0 0.426025 0.426758 0.023926 0.052734
0 0.415771 0.429199 0.028809 0.047852
0 0.381592 0.431641 0.053223 0.068359
3 0.402832 0.400391 0.011719 0.041016
3 0.411377 0.422852 0.009277 0.066406
3 0.194824 0.422363 0.029297 0.165039
3 0.689453 0.426270 0.014648 0.084961
3 0.740479 0.444824 0.041504 0.225586
3 0.377441 0.393555 0.006836 0.011719
2 0.380859 0.448730 0.019531 0.073242
4 0.381836 0.423828 0.020508 0.099609
2 0.648193 0.435059 0.010254 0.032227
2 0.620850 0.430664 0.008301 0.027344
2 0.344482 0.467773 0.023926 0.085938
4 0.345459 0.418945 0.025879 0.121094
0 0.485107 0.426270 0.038574 0.059570
3 0.833252 0.445312 0.033691 0.220703
3 0.827637 0.450195 0.051758 0.238281
