0 0.415527 0.419922 0.014648 0.023438
0 0.401123 0.415527 0.026855 0.043945
0 0.389404 0.417969 0.020020 0.046875
1 0.492676 0.391113 0.033203 0.024414
0 0.371826 0.417480 0.027832 0.053711
0 0.367432 0.429688 0.019043 0.044922
0 0.346436 0.420898 0.042480 0.054688
0 0.317871 0.448730 0.014648 0.036133
0 0.332764 0.415039 0.025879 0.017578
0 0.341309 0.416992 0.024414 0.025391
0 0.338867 0.434570 0.043945 0.050781
0 0.270020 0.397949 0.115234 0.137695
0 0.263672 0.442871 0.040039 0.075195
0 0.216309 0.434570 0.092773 0.093750
0 0.157471 0.445312 0.108887 0.113281
0 0.111328 0.460938 0.111328 0.107422
0 0.444824 0.422852 0.009766 0.033203
1 0.013184 0.332031 0.026367 0.082031
1 0.189453 0.373535 0.006836 0.047852
0 0.468994 0.427246 0.016113 0.028320
0 0.478516 0.422852 0.014648 0.027344
1 0.105713 0.367676 0.012207 0.088867
0 0.456299 0.426758 0.030762 0.052734
3 0.507324 0.407715 0.001953 0.010742
0 0.499023 0.403809 0.004883 0.006836
1 0.214111 0.376953 0.015137 0.039062
1 0.179443 0.373535 0.006348 0.057617
1 0.126953 0.363281 0.014648 0.068359
1 0.092529 0.388672 0.009277 0.048828
1 0.085205 0.382324 0.005371 0.063477
1 0.071533 0.380371 0.010254 0.077148
1 0.062500 0.327637 0.009766 0.088867
1 0.147461 0.350586 0.005859 0.042969
3 0.540527 0.414551 0.004883 0.020508
3 0.680176 0.431641 0.029297 0.144531
0 0.031738 0.452637 0.063477 0.208008
