1 0.296387 0.236816 0.592773 0.473633
1 0.783691 0.254883 0.431641 0.509766
3 0.560791 0.440918 0.035645 0.170898
3 0.790771 0.437012 0.036621 0.151367
3 0.733643 0.433105 0.019043 0.106445
3 0.756836 0.428711 0.020508 0.117188
3 0.859375 0.453613 0.026367 0.178711
3 0.838135 0.453613 0.035645 0.184570
3 0.697998 0.444336 0.014160 0.078125
3 0.701660 0.454590 0.010742 0.065430
3 0.659424 0.420410 0.019043 0.081055
3 0.671875 0.429688 0.012695 0.103516
3 0.403809 0.413086 0.013672 0.083984
3 0.682861 0.431641 0.027832 0.107422
3 0.509766 0.405273 0.006836 0.033203
4 0.808105 0.438965 0.028320 0.159180
3 0.640625 0.393555 0.014648 0.019531
3 0.638184 0.393555 0.009766 0.019531
3 0.658691 0.406738 0.017578 0.053711
0 0.584961 0.423828 0.040039 0.070312
2 0.765137 0.523926 0.065430 0.170898
0 0.594482 0.434082 0.022949 0.065430
1 0.611572 0.385254 0.012207 0.030273
0 0.605957 0.440430 0.034180 0.085938
0 0.630127 0.448730 0.062012 0.094727
3 0.571045 0.448242 0.036621 0.150391
0 0.527588 0.422363 0.045410 0.069336
3 0.560791 0.440918 0.035645 0.170898
3 0.527588 0.435547 0.017090 0.156250
3 0.984863 0.436035 0.029297 0.165039
3 0.949707 0.428711 0.054688 0.189453
2 0.445312 0.421387 0.005859 0.036133
3 0.985840 0.434082 0.027344 0.161133
